197
268
323
627
764
798
800
805
809
821
832
835
881
890
911
914
916
933
937
955
968
970
982
989
995
1008
1016
1030
1065
1078
1094
1095
1116
1128
1155
1182
1202
1251
1300
1314
1330
1335
1343
1358
1371
1377
1396
1397
1409
1410
1411
1448
1453
1471
1592
1601
1639
1651
1717
1737
1743
1744
1824
1826
1834
1835
1849
1869
1878
1881
1887
1899
1917
1923
1928
1941
1953
1956
1988
1992
2060
2217
2285
2332
2423
2461
2683
2763
2775
2815
2884
2891
2975
2985
2987
3071
3130
3178
3259
3268
3301
3354
3478
3596
3884
4125
4149
4203
4233
4237
4241
4244
4337
4344
4357
4391
4439
4460
4579
4637
4655
4659
4765
4828
5141
5149
5241
5252
5273
5321
5329
5345
5403
5410
5569
5999
6038
6170
6301
6321
6504
6524
6588
6610
6838
7124
7176
7306
7643
7655
7802
7855
7926
7987
7993
8062
8204
9278
9438
9808
10504
10601
10692
10831
11998
12145
12514
12542
12647
15665
24015
24071
24235
24238
24655
25057
25087
25120
25123
25162
25187
25242
25284
25355
25400
25489
25514
25734
25738
26027
26031
26354
26393
26491
26506
26536
26603
26635
26768
26803
26823
26895
27133
27850
28349
28454
28648
28716
29184
29186
29239
29382
29478
30062
30178
30920
31000
31053
31284
31288
31342
31439
31532
31609
31647
31653
31661
31739
31825
31837
31855
31892
31909
32159
32193
32372
32390
32392
32399
32403
32421
32438
32471
32535
32538
32539
32612
32710
32725
32738
32744
32769
32792
33079
33645
33683
33716
34053
34594
34700
35342
35574
36457
36565
36633
36681
44824
49353
49420
50828
52296
52500
52573
52671
52794
52868
54191
54303
60270
61517
61780
62317
62337
62342
62374
62400
62423
62427
62600
62623
62804
62872
62905
62962
63020
64020
64193
64296
65528
73147
73603
73721
73858
73906
74060
74062
74095
74154
74160
74957
79752
80655
80779
80889
80902
84426
84494
84495
84510
84512
84535
84558
84627
94761
95093
95134
95168
95269
95346
95348
95368
95393
95411
95617
95635
95680
95694
95696
95699
95776
95854
96002
96030
96060
96082
96090
96104
96122
96128
96158
96208
96222
96227
96247
96256
96289
96290
96348
96353
96461
96495
96513
96514
96537
96540
96610
96611
96642
96656
96660
96691
96715
96719
96722
96723
96733
96740
96741
96747
96765
96792
96799
96801
96804
96805
96826
96830
96870
96874
96884
96886
96887
96915
96928
96943
96950
96972
97078
97080
97087
97383
97438
97439
97454
97608
97621
97626
97664
97669
97692
97706
97811
98079
98146
98457
98502
98697
98711
98739
98788
98874
98903
98918
99000
99076
99097
99134
99138
99148
99157
99173
99534
100035
100385
100556
100580
100604
101467
102002
103824
109321
109348
109417
125482
127629
128560
128873
128951
128993
129010
129072
129153
129175
129202
129203
129261
129272
129400
129418
129429
129433
129436
129440
129447
129467
129471
129476
129502
129512
129514
129523
129528
129553
129576
129600
129602
129603
129605
129624
129635
129638
129660
129677
129704
129706
129727
129735
129766
129771
129794
129820
129836
129842
129855
129860
129862
129890
129926
129941
129944
129946
129966
129968
129970
130032
130040
130042
130046
130061
130063
130117
130120
130145
130180
130184
130199
130248
130701
131053
131271
131615
131637
131814
131904
131951
131999
132126
132128
132249
132259
132278
132303
132406
132577
132604
132671
132721
132827
133127
133218
133391
133528
133599
133603
133680
133769
133779
133785
133797
133805
133835
133951
133987
134015
134034
134036
134056
142175
149150
151418
154421
155180
155460
155889
155896
156566
159276
159372
159483
159700
160072
160120
160145
160199
160206
160217
160247
160258
161320
162141
162164
162536
162932
163108
163764
164061
164280
170199
171922
172232
172611
172752
173737
177715
177766
177988
178032
181184
181449
185571
185579
185595
185658
185715
185941
185961
185972
186039
186063
186123
186159
186173
186177
186322
186329
186337
186358
186370
186391
186418
186426
186437
186456
186470
186514
186536
186552
186585
186587
186595
186606
186660
186662
186694
186705
186710
186734
186735
186753
186766
186795
186797
186801
186815
186864
186882
186910
186922
186924
186932
186936
186954
186961
186965
186968
186983
187032
187035
187068
187079
187098
187110
187158
187163
187167
187170
187210
187215
187232
187260
187557
187935
187969
188031
188057
188089
188218
188444
188626
189118
189124
189286
189296
189302
189585
189906
190049
190168
190919
191011
191303
193196
194167
198051
198062
198220
198424
198562
198739
204877
205450
205635
205978
205983
213486
213939
215532
216612
219486
219633
219730
219900
220040
220052
225000
234692
237316
237695
239851
240195
254081
258137
260833
260862
260904
261130
262274
262324
281527
289398
293951
294000
305358
309344
310131
332047
333594
333616
333731
333778
333797
333989
335521
335653
335705
336067
336133
337394
337432
338180
339112
340342
340344
357918
361090
362339
362741
364986
368455
378629
380232
380970
382624
383223
394319
411876
430097
430249
430355
430403
432769
432800
432840
432872
432881
433075
433169
433458
433483
433500
433508
433778
434242
434243
435539
435939
436041
436092
436159
436921
437094
438751
443792
445425
445827
445829
445831
446998
447094
447166
447197
447226
447240
447278
447491
448107
448290
448342
448389
448448
449187
450028
450031
452982
455376
455382
455796
455799
455900
458682
459145
459480
459653
460159
460160
460392
461027
461664
465803
466425
467937
469717
474354
474517
496775
498161
508813
512560
516291
518833
522619
523939
524045
524055
524309
524849
525019
525790
527351
527534
527618
527759
527765
528790
529414
529415
529420
529581
529689
529856
529896
529960
530317
530526
530762
530843
531967
531971
532358
532364
537108
537117
537121
537203
537217
537257
537271
537285
537316
537332
537422
537493
537591
537595
537666
537758
537759
537837
538034
538038
538449
538472
538850
538861
539707
539961
539993
540027
540251
540261
540476
540585
540613
545244
580971
581000
581004
581067
581158
581220
600687
608100
608189
608285
689021
741626
752045
765721
766594
766687
784373
785373
785998
893705
896225
896234
1030177
1167415
1359363
1452150
1478449
1478864
1479337
1494245
1494446
1494447
1494712
1498548
1525399
1548632
1846739
1872672
1872767
2158213
2158417
2178735
2178915
2206665
2206688
2206980
2206983
2503729
2510665
2510817
2510970
2511082
2511096
2511125
2511148
2816035
2823056
2823228
2823394
2823510
2875848
2875858
3156873
3156875
3169795
3181368
3181370
3187861
3187862
3188026
3219641
3510051
3510260
3510281
3510288
3526193
3533313
3568416
3861741
3861826
3861835
3876919
4237168
4243068
4243070
4536500
4536517
4536524
4536529
4536535
4536537
4536538
4536539
4536540
4536574
4545327
4545389
4545394
4545404
4545430
4545434
4545453
4545454
4545461
4545513
4545525
4545529
4552689
4592198
4598710
4598726
4969692
4969702
4969726
4977687
5270371
5270372
5270451
5270462
5270466
5270468
5283409
5283870
5336861
5640849
5640926
5641027
5666457
5666458
5666460
5666477
5967970
6006071
6599973
6599974
6648042
6970659
6984712
7026573
7026744
7346228
7691269
7698421
7698423
7698436
7698443
7698447
7714347
7714813
8043787
8092941
8403173
8403182
8417828
8449373
8456257
9308118
9308193
9308200
9605680
9611543
9939203
9967153
10275430
10279765
10310744
10319453
10959356
10967415
10990678
10990739
10995349
11298616
11311795
11347016
11658171
11669604
11705287
11705403
11705406
11720838
12016844
12036865
12066417
12384553
12393293
12393419
12394069
12394118
12433171
13155985
13171199
13186483
13187047
13225178
13238937
13590962
13591496
13963088
13981024
13981031
14004542
14011916
14337998
14338024
14338068
14685650
14726357
15434627
15745936
15779395
15875734
16120447
16135816
16144551
16466810
16475841
16476247
16476323
16546879
16827155
16827175
16837815
16837816
17168898
17187256
17187774
17187782
17536862
17544737
18218609
18584306
19978623
19988728
19988737
19996814
20315925
20315950
20333755
20673391
20708455
20716664
21054913
21072805
21394947
21412957
21413524
21427714
21427729
21437417
21437534
21539177
21762216
21773178
21781428
21781585
21781710
21782219
21782220
21782390
21802856
21803015
21803060
21803152
22136693
22146095
22158925
22168251
22168912
22168918
22169317
22169319
22169325
22528446
22536030
22536031
22859283
22859312
22878016
22878573
22897157
23233054
23260605
23269641
23269646
23269647
23269650
23269652
23269659
23269660
23269662
23269670
23269677
23269737
23269740
23269836
23278610
23278660
23278664
23278674
23278683
23278684
23278709
23288058
23288059
23288607
23311159
23661272
23680736
23680764
23688922
23697427
23697537
23697799
23697990
23698076
23698077
23698133
23698162
23707373
23715941
23715980
23715982
23730717
23738800
24065255
24065263
24081488
24081699
24082563
24445509
24468965
24468970
24469162
24799857
24799911
24816762
24816771
24816773
24816995
24817084
24817371
24817375
24818168
24818280
24818355
24818803
24830085
24837941
24838191
24838234
25206185
25217662
25548824
25591503
25922178
25922180
25922183
25930711
25930741
25930790
26328601
26336812
26523850
27048372
27066567
27067062
27081112
27088972
27422468
27440264
27440826
27440827
28543553
28552845
28575640
28575647
28575660
28575676
28575686
28575687
28575699
28912747
28912753
28912805
28912976
28931574
28931733
29303604
29313248
29313334
29328428
29328429
29336632
29419594
29709995
29809271
30446852
30446966
30457986
30467789
30482209
30482332
30841465
30851426
30851996
31238191
31238822
31284407
31626620
31626779
31627433
31640161
32031674
32404530
32404534
32404895
32405608
32777430
32777439
32777470
32777506
32777738
32796138
32796802
32819168
32819181
32819198
33166012
33176417
33187492
33213465
33587448
33991167
33991731
34422783
34443308
34455209
34455847
34573363
34873979
35271244
35280539
35281051
35281627
35503835
35659570
36073933
36074594
36085251
36461011
36481539
36481676
37249198
37252523
37253456
37255840
37257596
37257608
37257777
37257779
37257793
37259180
37259181
37259208
37259210
37259213
37259217
37259239
37259638
37259993
37260000
37260201
37260234
37260431
37260590
37260591
37260638
37261110
37261342
37261430
37261496
37261500
37261923
37262099
37262701
37263769
37266009
37286732
37286738
37286823
37287574
37288001
37288977
37288979
37289022
37289032
37289235
37289275
37291195
37295947
37296248
37296339
37296353
37296354
37296692
37297045
37297124
37297313
37297544
37303791
37303805
37316421
37316428
37316480
37316483
37316505
37316549
37316600
37316612
37316739
37316740
37316835
37316836
37316840
37316858
37316864
37316934
37316940
37316942
37316986
37317015
37317367
37317369
37317392
37322757
37324989
37325004
37325012
37325112
37325831
37327606
37328006
37328128
37331665
37332131
37332629
37336214
37336215
37336430
37336534
37336880
37336993
37337041
37337129
37337155
37337531
37337715
37341868
37341896
37342614
37342615
37342616
37342686
37342694
37342981
37343962
37343966
37343968
37343971
37344112
37344218
37344294
37347607
37347639
37350704
37351292
37354841
37357499
37357510
37361402
37369302
37371160
37371200
37372396
37374560
37376834
37380649
37380652
37381778
37391226
37391524
37391634
37392849
37395347
37396571
37397144
37400423
37400484
37402078
37402346
37402348
37402350
37403963
37407204
37407219
37407220
37407284
37410255
37412415
37416875
37421962
37422925
37423008
37423017
37423033
37423138
37423141
37429246
37430162
37430894
37430918
37438667
37445077
37459024
37459030
37459056
37459070
37459072
37459073
37483225
37509380
37509395
37512304
37514209
37514220
37518779
37521581
37522062
37526007
37526157
37526344
37526514
37526847
37527162
37527169
37527170
37528754
37528864
37529525
37529619
37529791
37529822
37530812
37530901
37530985
37531000
37531184
37531504
37532178
37532344
37532950
37533245
37533505
37533509
37533560
37533565
37536423
37536874
37536911
37536953
37537789
37537864
37537937
37538647
37539349
37539371
37539430
37539460
37539577
37539712
37539733
37540234
37540396
37541144
37541244
37541438
37541456
37543248
37543405
37543407
37543901
37543908
37544065
37544115
37544311
37544434
37544805
37545212
37545269
37545384
37546475
37546780
37547467
37547795
37548503
37549313
37549513
37549877
37549901
37550443
37550680
37550824
37551089
37551656
37551836
37553010
37553227
37554185
37554902
37555046
37555775
37555816
37558468
37558991
37559767
37560477
37560480
37560881
37561126
37561625
37561879
37562129
37562487
37562510
37562940
37563155
37563866
37563876
37564315
37564372
37564566
37564744
37565251
37565677
37567261
37567268
37567286
37567337
37568172
37568219
37568657
37568662
37568690
37568721
37568808
37568815
37568967
37569271
37569279
37569513
37570091
37571011
37571579
37573066
37573971
37574295
37575228
37576587
37577447
37577455
37577727
37578413
37579360
37579899
37579970
37580230
37580768
37581714
37581741
37581768
37581796
37581981
37581992
37582118
37582178
37582278
37583502
37583548
37583853
37584176
37584217
37584869
37585284
37585962
37586671
37586673
37588236
37588823
37590246
37590292
37590336
37590339
37590621
37590629
37590634
37590635
37590697
37590699
37590847
37590868
37590937
37590938
37591402
37591583
37591971
37592030
37592037
37592130
37592228
37592231
37592240
37592696
37592729
37592734
37592743
37592787
37592956
37593153
37593154
37593168
37593171
37593233
37593237
37593240
37593253
37593798
37595819
37595890
37595970
37596363
37596373
37596384
37596425
37596490
37596506
37596518
37596532
37597409
37597649
37597737
37597764
37598148
37598297
37598725
37598766
37598836
37598896
37598968
37599086
37599305
37599458
37599992
37600242
37600243
37600357
37600942
37601118
37601345
37601728
37601748
37601792
37601802
37601803
37602079
37602122
37602125
37602293
37602888
37607151
37607194
37607444
37607729
37608596
37608769
37608935
37608995
37609017
37609867
37610432
37610895
37611782
37611852
37611856
37611996
37612037
37612488
37612496
37612498
37612542
37613882
37614052
37614807
37616125
37616238
37619560
37619814
37620669
37622162
37622174
37622796
37622998
37623459
37623493
37623697
37624125
37624126
37624151
37625756
37625886
37627036
37627298
37627677
37627749
37627803
37629335
37630141
37630179
37630678
37631362
37631909
37631969
37632282
37632306
37632336
37633394
37633767
37634146
37634183
37642676
37643341
37643538
37644042
37646962
37647009
37647064
37649018
37650058
37650068
37650933
37651069
37652750
37652784
37653176
37653223
37653289
37653371
37653529
37653812
37653815
37654443
37654695
37655005
37655226
37655284
37655288
37655921
37655932
37656061
37656089
37656169
37656179
37656468
37656790
37656838
37656924
37657133
37657252
37657515
37658194
37660283
37660429
37660433
37662406
37663156
37663291
37663391
37664041
37664293
37665354
37666773
37667227
37667455
37668563
37668618
37668621
37668633
37669242
37669463
37669492
37669686
37672537
37674290
37675650
37676041
37676502
37676591
37676603
37676630
37676667
37676786
37676891
37677544
37677553
37677977
37678216
37678433
37679255
37680048
37680070
37680082
37681302
37681604
37682244
37682671
37683059
37683588
37683596
37684057
37684301
37684319
37685025
37685630
37688184
37689559
37691085
37694961
37695373
37696228
37696477
37697554
37699171
37699427
37699443
37699791
37701999
37702530
37704861
37705784
37705907
37709432
37710189
37710798
37712527
37712530
37713942
37714126
37714190
37714462
37714583
37714950
37714988
37715699
37715813
37716500
37717075
37717176
37717185
37717346
37717843
37717875
37718198
37719007
37719366
37719965
37720618
37721333
37721623
37722327
37722328
37722498
37722639
37722659
37723663
37726575
37726748
37728406
37729251
37729314
37729567
37729623
37729692
37729871
37730058
37731112
37732903
37733300
37733888
37734644
37735899
37737405
37737620
37739118
37739884
37740860
37743311
37743684
37748087
37753071
37753941
37756147
37756945
37757475
37761073
37769563
37769789
37770042
37772628
37773773
37774085
37776313
37778878
37779259
37784907
37786901
37787315
37787639
37789987
37904226
37910174
37920888
37921359
37933263
38201553